   0.00630   0.00364   0.00099   0.00428   0.00758   0.01087   0.00682   0.00277
  -0.00128   0.00368   0.00864   0.01360   0.00727   0.00094   0.00420   0.00221
   0.00021   0.00444   0.00867   0.01290   0.01713  -0.00343  -0.02400  -0.00992
   0.00416   0.00528   0.01653   0.02779   0.03904   0.02449   0.00995   0.00961
   0.00926   0.00892  -0.00486  -0.01864  -0.03242  -0.03365  -0.05723  -0.04534
  -0.03346  -0.03201  -0.03056  -0.02911  -0.02766  -0.04116  -0.05466  -0.06816
  -0.08166  -0.06846  -0.05527  -0.04208  -0.04259  -0.04311  -0.02428  -0.00545
   0.01338   0.03221   0.05104   0.06987   0.08870   0.04524   0.00179  -0.04167
  -0.08513  -0.12858  -0.17204  -0.12908  -0.08613  -0.08902  -0.09192  -0.09482
  -0.09324  -0.09166  -0.09478  -0.09789  -0.12902  -0.07652  -0.02401   0.02849
   0.08099   0.13350   0.18600   0.23850   0.21993   0.20135   0.18277   0.16420
   0.14562   0.16143   0.17725   0.13215   0.08705   0.04196  -0.00314  -0.04824
  -0.09334  -0.13843  -0.18353  -0.22863  -0.27372  -0.31882  -0.25024  -0.18166
  -0.11309  -0.04451   0.02407   0.09265   0.16123   0.22981   0.29839   0.23197
   0.16554   0.09912   0.03270  -0.03372  -0.10014  -0.16656  -0.23299  -0.29941
  -0.00421   0.29099   0.22380   0.15662   0.08943   0.02224  -0.04495   0.01834
   0.08163   0.14491   0.20820   0.18973   0.17125   0.13759   0.10393   0.07027
   0.03661   0.00295  -0.03071  -0.00561   0.01948   0.04458   0.06468   0.08478
   0.10487   0.05895   0.01303  -0.03289  -0.07882  -0.03556   0.00771   0.05097
   0.01013  -0.03071  -0.07156  -0.11240  -0.15324  -0.11314  -0.07304  -0.03294
   0.00715  -0.06350  -0.13415  -0.20480  -0.12482  -0.04485   0.03513   0.11510
   0.19508   0.12301   0.05094  -0.02113  -0.09320  -0.02663   0.03995   0.10653
   0.17311   0.11283   0.05255  -0.00772   0.01064   0.02900   0.04737   0.06573
   0.02021  -0.02530  -0.07081  -0.04107  -0.01133   0.00288   0.01709   0.03131
  -0.02278  -0.07686  -0.13095  -0.18504  -0.14347  -0.10190  -0.06034  -0.01877
   0.02280  -0.00996  -0.04272  -0.02147  -0.00021   0.02104  -0.01459  -0.05022
  -0.08585  -0.12148  -0.15711  -0.19274  -0.22837  -0.18145  -0.13453  -0.08761
  -0.04069   0.00623   0.05316   0.10008   0.14700   0.09754   0.04808  -0.00138
   0.05141   0.10420   0.15699   0.20979   0.26258   0.16996   0.07734  -0.01527
  -0.10789  -0.20051  -0.06786   0.06479   0.01671  -0.03137  -0.07945  -0.12753
  -0.17561  -0.22369  -0.27177  -0.15851  -0.04525   0.06802   0.18128   0.14464
   0.10800   0.07137   0.03473   0.09666   0.15860   0.22053   0.18296   0.14538
   0.10780   0.07023   0.03265   0.06649   0.10033   0.13417   0.10337   0.07257
   0.04177   0.01097  -0.01983   0.04438   0.10860   0.17281   0.10416   0.03551
  -0.03315  -0.10180  -0.07262  -0.04344  -0.01426   0.01492  -0.02025  -0.05543
  -0.09060  -0.12578  -0.16095  -0.19613  -0.14784  -0.09955  -0.05127  -0.00298
  -0.01952  -0.03605  -0.05259  -0.04182  -0.03106  -0.02903  -0.02699   0.02515
   0.01770   0.02213   0.02656   0.00419  -0.01819  -0.04057  -0.06294  -0.02417
   0.01460   0.05337   0.02428  -0.00480  -0.03389  -0.00557   0.02274   0.00679
  -0.00915  -0.02509  -0.04103  -0.05698  -0.01826   0.02046   0.00454  -0.01138
  -0.00215   0.00708   0.00496   0.00285   0.00074  -0.00534  -0.01141   0.00361
   0.01863   0.03365   0.04867   0.03040   0.01213  -0.00614  -0.02441   0.01375
   0.01099   0.00823   0.00547   0.00812   0.01077  -0.00692  -0.02461  -0.04230
  -0.05999  -0.07768  -0.09538  -0.06209  -0.02880   0.00448   0.03777   0.01773
  -0.00231  -0.02235   0.01791   0.05816   0.03738   0.01660  -0.00418  -0.02496
  -0.04574  -0.02071   0.00432   0.02935   0.01526   0.01806   0.02086   0.00793
  -0.00501  -0.01795  -0.03089  -0.01841  -0.00593   0.00655  -0.02519  -0.05693
  -0.04045  -0.02398  -0.00750   0.00897   0.00384  -0.00129  -0.00642  -0.01156
  -0.02619  -0.04082  -0.05545  -0.04366  -0.03188  -0.06964  -0.05634  -0.04303
  -0.02972  -0.01642  -0.00311   0.01020   0.02350   0.03681   0.05011   0.02436
  -0.00139  -0.02714  -0.00309   0.02096   0.04501   0.06906   0.05773   0.04640
   0.03507   0.03357   0.03207   0.03057   0.03250   0.03444   0.03637   0.01348
  -0.00942  -0.03231  -0.02997  -0.03095  -0.03192  -0.02588  -0.01984  -0.01379
  -0.00775  -0.01449  -0.02123   0.01523   0.05170   0.08816   0.12463   0.16109
   0.12987   0.09864   0.06741   0.03618   0.00495   0.00420   0.00345   0.00269
  -0.05922  -0.12112  -0.18303  -0.12043  -0.05782   0.00479   0.06740   0.13001
   0.08373   0.03745   0.06979   0.10213  -0.03517  -0.17247  -0.13763  -0.10278
  -0.06794  -0.03310  -0.03647  -0.03984  -0.00517   0.02950   0.06417   0.09883
   0.13350   0.05924  -0.01503  -0.08929  -0.16355  -0.06096   0.04164   0.01551